 1 0 66 .48 0 0 0 2 0 68 .56 0 0 0
 3 0 66 .50 0 0 0 4 0 56 .52 0 0 0
 5 0 58 .50 0 0 0 6 0 60 .49 0 0 0
 7 0 65 .46 1 0 0 8 0 60 .62 1 0 0
 9 1 50 .56 0 0 1 10 0 49 .55 1 0 0
 11 0 61 .62 0 0 0 12 0 58 .71 0 0 0
 13 0 51 .65 0 0 0 14 1 67 .67 1 0 1
 15 0 67 .47 0 0 1 16 0 51 .49 0 0 0
 17 0 56 .50 0 0 1 18 0 60 .78 0 0 0
 19 0 52 .83 0 0 0 20 0 56 .98 0 0 0
 21 0 67 .52 0 0 0 22 0 63 .75 0 0 0
 23 1 59 .99 0 0 1 24 0 64 1.87 0 0 0
 25 1 61 1.36 1 0 0 26 1 56 .82 0 0 0
 27 0 64 .40 0 1 1 28 0 61 .50 0 1 0
 29 0 64 .50 0 1 1 30 0 63 .40 0 1 0
 31 0 52 .55 0 1 1 32 0 66 59 0 1 1
 33 1 58 .48 1 1 0 34 1 57 .51 1 1 1
 35 1 65 .49 0 1 0 36 0 65 .48 0 1 1
 37 0 59 .63 1 1 1 38 0 61 1.02 0 1 0
 39 0 53 .76 0 1 0 40 0 67 .95 0 1 0
 41 0 53 .66 0 1 1 42 1 65 .84 1 1 1
 43 1 50 .81 1 1 1 44 1 60 .76 1 1 1
 45 1 45 .70 0 1 1 46 1 56 .78 1 1 1
 47 1 46 .70 0 1 0 48 1 67 .67 0 1 0
 49 1 63 .82 0 1 0 50 1 57 .67 0 1 1
 51 1 51 .72 1 1 0 52 1 64 .89 1 1 0
 